predict value: line 10--> self.X

Test data:

layer1:
[[1.9287498479639178e-22], [1.9287498479639178e-22]]

layer2:
[3.72007598e-44]

layer3:
[1.]

layer4: 
[[-10. -10.   1.]
 [-10.  -8.   1.]
 [-10.  -6.   1.]
 [-10.  -4.   1.]
 [-10.  -2.   1.]
 [-10.   0.   1.]
 [-10.   2.   1.]
 [-10.   4.   1.]
 [-10.   6.   1.]
 [-10.   8.   1.]
 [-10.  10.   1.]
 [ -8. -10.   1.]
 [ -8.  -8.   1.]
 [ -8.  -6.   1.]
 [ -8.  -4.   1.]
 [ -8.  -2.   1.]
 [ -8.   0.   1.]
 [ -8.   2.   1.]
 [ -8.   4.   1.]
 [ -8.   6.   1.]
 [ -8.   8.   1.]
 [ -8.  10.   1.]
 [ -6. -10.   1.]
 [ -6.  -8.   1.]
 [ -6.  -6.   1.]
 [ -6.  -4.   1.]
 [ -6.  -2.   1.]
 [ -6.   0.   1.]
 [ -6.   2.   1.]
 [ -6.   4.   1.]
 [ -6.   6.   1.]
 [ -6.   8.   1.]
 [ -6.  10.   1.]
 [ -4. -10.   1.]
 [ -4.  -8.   1.]
 [ -4.  -6.   1.]
 [ -4.  -4.   1.]
 [ -4.  -2.   1.]
 [ -4.   0.   1.]
 [ -4.   2.   1.]
 [ -4.   4.   1.]
 [ -4.   6.   1.]
 [ -4.   8.   1.]
 [ -4.  10.   1.]
 [ -2. -10.   1.]
 [ -2.  -8.   1.]
 [ -2.  -6.   1.]
 [ -2.  -4.   1.]
 [ -2.  -2.   1.]
 [ -2.   0.   1.]
 [ -2.   2.   1.]
 [ -2.   4.   1.]
 [ -2.   6.   1.]
 [ -2.   8.   1.]
 [ -2.  10.   1.]
 [  0. -10.   1.]
 [  0.  -8.   1.]
 [  0.  -6.   1.]
 [  0.  -4.   1.]
 [  0.  -2.   1.]
 [  0.   0.   1.]
 [  0.   2.   1.]
 [  0.   4.   1.]
 [  0.   6.   1.]
 [  0.   8.   1.]
 [  0.  10.   1.]
 [  2. -10.   1.]
 [  2.  -8.   1.]
 [  2.  -6.   1.]
 [  2.  -4.   1.]
 [  2.  -2.   1.]
 [  2.   0.   1.]
 [  2.   2.   1.]
 [  2.   4.   1.]
 [  2.   6.   1.]
 [  2.   8.   1.]
 [  2.  10.   1.]
 [  4. -10.   1.]
 [  4.  -8.   1.]
 [  4.  -6.   1.]
 [  4.  -4.   1.]
 [  4.  -2.   1.]
 [  4.   0.   1.]
 [  4.   2.   1.]
 [  4.   4.   1.]
 [  4.   6.   1.]
 [  4.   8.   1.]
 [  4.  10.   1.]
 [  6. -10.   1.]
 [  6.  -8.   1.]
 [  6.  -6.   1.]
 [  6.  -4.   1.]
 [  6.  -2.   1.]
 [  6.   0.   1.]
 [  6.   2.   1.]
 [  6.   4.   1.]
 [  6.   6.   1.]
 [  6.   8.   1.]
 [  6.  10.   1.]
 [  8. -10.   1.]
 [  8.  -8.   1.]
 [  8.  -6.   1.]
 [  8.  -4.   1.]
 [  8.  -2.   1.]
 [  8.   0.   1.]
 [  8.   2.   1.]
 [  8.   4.   1.]
 [  8.   6.   1.]
 [  8.   8.   1.]
 [  8.  10.   1.]
 [ 10. -10.   1.]
 [ 10.  -8.   1.]
 [ 10.  -6.   1.]
 [ 10.  -4.   1.]
 [ 10.  -2.   1.]
 [ 10.   0.   1.]
 [ 10.   2.   1.]
 [ 10.   4.   1.]
 [ 10.   6.   1.]
 [ 10.   8.   1.]
 [ 10.  10.   1.]]

layer5；
[[0.02053454]
 [0.02053454]
 [0.02053454]
 [0.02053454]
 [0.02053454]
 [0.02053454]
 [0.02053454]
 [0.02053454]
 [0.02053454]
 [0.02053454]
 [0.02053454]
 [0.02053454]
 [0.02053454]
 [0.02053454]
 [0.02053454]
 [0.02053454]
 [0.02053454]
 [0.02053454]
 [0.02053454]
 [0.02053454]
 [0.02053454]
 [0.02053454]
 [0.02053454]
 [0.02053454]
 [0.02053454]
 [0.02053454]
 [0.02053454]
 [0.02053454]
 [0.02053454]
 [0.02053454]
 [0.02053454]
 [0.02053454]
 [0.02053454]
 [0.02053454]
 [0.02053454]
 [0.02053454]
 [0.02053454]
 [0.02053454]
 [0.02053454]
 [0.02053454]
 [0.02053454]
 [0.02053454]
 [0.02053454]
 [0.02053454]
 [0.02053454]
 [0.02053454]
 [0.02053454]
 [0.02053454]
 [0.02053454]
 [0.02053454]
 [0.02053454]
 [0.02053454]
 [0.02053454]
 [0.02053454]
 [0.02053454]
 [0.02053454]
 [0.02053454]
 [0.02053454]
 [0.02053454]
 [0.02053454]
 [0.02053454]
 [0.02053454]
 [0.02053454]
 [0.02053454]
 [0.02053454]
 [0.02053454]
 [0.02053454]
 [0.02053454]
 [0.02053454]
 [0.02053454]
 [0.02053454]
 [0.02053454]
 [0.02053454]
 [0.02053454]
 [0.02053454]
 [0.02053454]
 [0.02053454]
 [0.02053454]
 [0.02053454]
 [0.02053454]
 [0.02053454]
 [0.02053454]
 [0.02053454]
 [0.02053454]
 [0.02053454]
 [0.02053454]
 [0.02053454]
 [0.02053454]
 [0.02053454]
 [0.02053454]
 [0.02053454]
 [0.02053454]
 [0.02053454]
 [0.02053454]
 [0.02053454]
 [0.02053454]
 [0.02053454]
 [0.02053454]
 [0.02053454]
 [0.02053454]
 [0.02053454]
 [0.02053454]
 [0.02053454]
 [0.02053454]
 [0.02053454]
 [0.02053454]
 [0.02053454]
 [0.02053454]
 [0.02053454]
 [0.02053454]
 [0.02053454]
 [0.02053454]
 [0.02053454]
 [0.02053454]
 [0.02053454]
 [0.02053454]
 [0.02053454]
 [0.02053454]
 [0.02053454]
 [0.02053454]
 [0.02053454]]

wSum:
[3.720075976020836e-44, 2.4426007377405277e-36, 2.937482111710803e-30, 6.470234925645461e-26, 2.610279069667705e-23, 1.9287498479639178e-22, 2.610279069667705e-23, 6.470234925645461e-26, 2.937482111710803e-30, 2.4426007377405277e-36, 3.720075976020836e-44, 2.4426007377405277e-36, 1.6038108905486377e-28, 1.9287498479639178e-22, 4.248354255291589e-18, 1.713908431542013e-15, 1.2664165549094176e-14, 1.713908431542013e-15, 4.248354255291589e-18, 1.9287498479639178e-22, 1.6038108905486377e-28, 2.4426007377405277e-36, 2.937482111710803e-30, 1.9287498479639178e-22, 2.3195228302435696e-16, 5.109089028063325e-12, 2.0611536224385583e-09, 1.522997974471263e-08, 2.0611536224385583e-09, 5.109089028063325e-12, 2.3195228302435696e-16, 1.9287498479639178e-22, 2.937482111710803e-30, 6.470234925645461e-26, 4.248354255291589e-18, 5.109089028063325e-12, 1.1253517471925913e-07, 4.5399929762484854e-05, 0.00033546262790251185, 4.5399929762484854e-05, 1.1253517471925913e-07, 5.109089028063325e-12, 4.248354255291589e-18, 6.470234925645461e-26, 2.610279069667705e-23, 1.713908431542013e-15, 2.0611536224385583e-09, 4.5399929762484854e-05, 0.018315638888734182, 0.1353352832366127, 0.018315638888734182, 4.5399929762484854e-05, 2.0611536224385583e-09, 1.713908431542013e-15, 2.610279069667705e-23, 1.9287498479639178e-22, 1.2664165549094176e-14, 1.522997974471263e-08, 0.00033546262790251185, 0.1353352832366127, 1.0, 0.1353352832366127, 0.00033546262790251185, 1.522997974471263e-08, 1.2664165549094176e-14, 1.9287498479639178e-22, 2.610279069667705e-23, 1.713908431542013e-15, 2.0611536224385583e-09, 4.5399929762484854e-05, 0.018315638888734182, 0.1353352832366127, 0.018315638888734182, 4.5399929762484854e-05, 2.0611536224385583e-09, 1.713908431542013e-15, 2.610279069667705e-23, 6.470234925645461e-26, 4.248354255291589e-18, 5.109089028063325e-12, 1.1253517471925913e-07, 4.5399929762484854e-05, 0.00033546262790251185, 4.5399929762484854e-05, 1.1253517471925913e-07, 5.109089028063325e-12, 4.248354255291589e-18, 6.470234925645461e-26, 2.937482111710803e-30, 1.9287498479639178e-22, 2.3195228302435696e-16, 5.109089028063325e-12, 2.0611536224385583e-09, 1.522997974471263e-08, 2.0611536224385583e-09, 5.109089028063325e-12, 2.3195228302435696e-16, 1.9287498479639178e-22, 2.937482111710803e-30, 2.4426007377405277e-36, 1.6038108905486377e-28, 1.9287498479639178e-22, 4.248354255291589e-18, 1.713908431542013e-15, 1.2664165549094176e-14, 1.713908431542013e-15, 4.248354255291589e-18, 1.9287498479639178e-22, 1.6038108905486377e-28, 2.4426007377405277e-36, 3.720075976020836e-44, 2.4426007377405277e-36, 2.937482111710803e-30, 6.470234925645461e-26, 2.610279069667705e-23, 1.9287498479639178e-22, 2.610279069667705e-23, 6.470234925645461e-26, 2.937482111710803e-30, 2.4426007377405277e-36, 3.720075976020836e-44]

w:
[[3.72007598e-44 2.44260074e-36 2.93748211e-30 6.47023493e-26
  2.61027907e-23 1.92874985e-22 2.61027907e-23 6.47023493e-26
  2.93748211e-30 2.44260074e-36 3.72007598e-44 2.44260074e-36
  1.60381089e-28 1.92874985e-22 4.24835426e-18 1.71390843e-15
  1.26641655e-14 1.71390843e-15 4.24835426e-18 1.92874985e-22
  1.60381089e-28 2.44260074e-36 2.93748211e-30 1.92874985e-22
  2.31952283e-16 5.10908903e-12 2.06115362e-09 1.52299797e-08
  2.06115362e-09 5.10908903e-12 2.31952283e-16 1.92874985e-22
  2.93748211e-30 6.47023493e-26 4.24835426e-18 5.10908903e-12
  1.12535175e-07 4.53999298e-05 3.35462628e-04 4.53999298e-05
  1.12535175e-07 5.10908903e-12 4.24835426e-18 6.47023493e-26
  2.61027907e-23 1.71390843e-15 2.06115362e-09 4.53999298e-05
  1.83156389e-02 1.35335283e-01 1.83156389e-02 4.53999298e-05
  2.06115362e-09 1.71390843e-15 2.61027907e-23 1.92874985e-22
  1.26641655e-14 1.52299797e-08 3.35462628e-04 1.35335283e-01
  1.00000000e+00 1.35335283e-01 3.35462628e-04 1.52299797e-08
  1.26641655e-14 1.92874985e-22 2.61027907e-23 1.71390843e-15
  2.06115362e-09 4.53999298e-05 1.83156389e-02 1.35335283e-01
  1.83156389e-02 4.53999298e-05 2.06115362e-09 1.71390843e-15
  2.61027907e-23 6.47023493e-26 4.24835426e-18 5.10908903e-12
  1.12535175e-07 4.53999298e-05 3.35462628e-04 4.53999298e-05
  1.12535175e-07 5.10908903e-12 4.24835426e-18 6.47023493e-26
  2.93748211e-30 1.92874985e-22 2.31952283e-16 5.10908903e-12
  2.06115362e-09 1.52299797e-08 2.06115362e-09 5.10908903e-12
  2.31952283e-16 1.92874985e-22 2.93748211e-30 2.44260074e-36
  1.60381089e-28 1.92874985e-22 4.24835426e-18 1.71390843e-15
  1.26641655e-14 1.71390843e-15 4.24835426e-18 1.92874985e-22
  1.60381089e-28 2.44260074e-36 3.72007598e-44 2.44260074e-36
  2.93748211e-30 6.47023493e-26 2.61027907e-23 1.92874985e-22
  2.61027907e-23 6.47023493e-26 2.93748211e-30 2.44260074e-36
  3.72007598e-44]]